     3.00000  0.
     13.0000  0.
     23.0000  0.
     33.0000    9.88303E-05
     43.0000    3.86543E-04
     53.0000    7.86826E-04
     63.0000    1.29943E-03
     73.0000    1.95698E-03
     83.0000    2.79639E-03
     93.0000    3.83374E-03
    103.0000    5.01284E-03
     113.000    6.26179E-03
     123.000    7.50887E-03
     133.000    8.69518E-03
     143.000    9.78411E-03
     153.000    1.07413E-02
     163.000    1.15323E-02
     173.000    1.21277E-02
     183.000    1.25283E-02
     193.000    1.27465E-02
     203.000    1.27947E-02
     213.000    1.26850E-02
     223.000    1.24305E-02
     233.000    1.20498E-02
     243.000    1.15652E-02
     253.000    1.09992E-02
     263.000    1.03743E-02
     273.000    9.71300E-03
     283.000    9.03704E-03
     293.000    8.35996E-03
     303.000    7.68954E-03
     313.000    7.03341E-03
     323.000    6.39921E-03
     333.000    5.79460E-03
     343.000    5.22722E-03
     353.000    4.70406E-03
     363.000    4.22570E-03
     373.000    3.78903E-03
     383.000    3.39091E-03
     393.000    3.02818E-03
     403.000    2.69771E-03
     413.000    2.39635E-03
     423.000    2.12094E-03
     433.000    1.86857E-03
     443.000    1.63778E-03
     453.000    1.42767E-03
     463.000    1.23738E-03
     473.000    1.06602E-03
     483.000    9.12714E-04
     493.000    7.76576E-04
     503.000    6.56725E-04
     513.000    5.52283E-04
     523.000    4.62299E-04
     533.000    3.85555E-04
     543.000    3.20773E-04
     553.000    2.66670E-04
     563.000    2.21970E-04
     573.000    1.85389E-04
     583.000    1.55650E-04
     593.000    1.31472E-04
     603.000    1.11575E-04
     613.000    9.46821E-05
     623.000    7.98820E-05
     633.000    6.69506E-05
     643.000    5.57399E-05
     653.000    4.61024E-05
     663.000    3.78904E-05
     673.000    3.09559E-05
     683.000    2.51513E-05
     693.000    2.03289E-05
     703.000    1.63409E-05
     713.000    1.30395E-05
     723.000    1.02814E-05
     733.000    7.98181E-06
     743.000    6.09702E-06
     753.000    4.58445E-06
     763.000    3.40144E-06
     773.000    2.50533E-06
     783.000    1.85346E-06
     793.000    1.40317E-06
     803.000    1.11181E-06
     813.000    9.36713E-07
     823.000    8.35233E-07
     833.000    7.64791E-07
     843.000    6.95851E-07
     853.000    6.25871E-07
     863.000    5.55661E-07
     873.000    4.86029E-07
     883.000    4.17785E-07
     893.000    3.51741E-07
     903.000    2.88703E-07
     913.000    2.29483E-07
     923.000    1.74889E-07
     933.000    1.25730E-07
     943.000    8.28164E-08
     953.000    4.69562E-08
     963.000    1.85478E-08
     973.000   -2.99795E-09
     983.000   -1.84157E-08
     993.000   -2.84401E-08
    1003.000   -3.38058E-08
     1013.00   -3.52470E-08
     1023.00   -3.34983E-08
     1033.00   -2.92946E-08
     1043.00   -2.33700E-08
     1053.00   -1.64593E-08
     1063.00   -9.29707E-09
     1073.00   -2.61777E-09
     1083.00    2.87869E-09
     1093.00    6.97512E-09
     1103.00    9.80938E-09
     1113.00    1.15273E-08
     1123.00    1.22751E-08
     1133.00    1.21986E-08
     1143.00    1.14440E-08
     1153.00    1.01570E-08
     1163.00    8.48373E-09
     1173.00    6.57010E-09
     1183.00    4.56218E-09
     1193.00    2.60591E-09
     1203.00    8.47290E-10
     1213.00   -5.78930E-10
     1223.00   -1.64731E-09
     1233.00   -2.39391E-09
     1243.00   -2.85552E-09
     1253.00   -3.06892E-09
     1263.00   -3.07091E-09
     1273.00   -2.89820E-09
     1283.00   -2.58760E-09
     1293.00   -2.17590E-09
     1303.00   -1.69984E-09
     1313.00   -1.19623E-09
     1323.00   -7.01820E-10
     1333.00   -2.53402E-10
     1343.00    1.14135E-10
     1353.00    3.91322E-10
     1363.00    5.86947E-10
     1373.00    7.10191E-10
     1383.00    7.70260E-10
     1393.00    7.76342E-10
     1403.00    7.37621E-10
     1413.00    6.63299E-10
     1423.00    5.62559E-10
     1433.00    4.44601E-10
     1443.00    3.18610E-10
     1453.00    1.93781E-10
     1463.00    7.93083E-11
     1473.00   -1.58434E-11
     1483.00   -8.81301E-11
     1493.00   -1.39617E-10
     1503.00   -1.72632E-10
     1513.00   -1.89497E-10
     1523.00   -1.92532E-10
     1533.00   -1.84066E-10
     1543.00   -1.66418E-10
     1553.00   -1.41915E-10
     1563.00   -1.12880E-10
     1573.00   -8.16351E-11
     1583.00   -5.05042E-11
     1593.00   -2.18113E-11
     1603.00    2.15941E-12
     1613.00    2.03833E-11
     1623.00    3.33621E-11
     1633.00    4.16872E-11
     1643.00    4.59499E-11
     1653.00    4.67409E-11
     1663.00    4.46515E-11
     1673.00    4.02739E-11
     1683.00    3.41976E-11
     1693.00    2.70154E-11
     1703.00    1.93173E-11
     1713.00    1.16951E-11
     1723.00    4.73989E-12
     1733.00   -9.78103E-13
     1743.00   -5.26905E-12
     1753.00   -8.27252E-12
     1763.00   -1.01390E-11
     1773.00   -1.10190E-11
     1783.00   -1.10632E-11
     1793.00   -1.04223E-11
     1803.00   -9.24697E-12
     1813.00   -7.68761E-12
     1823.00   -5.89498E-12
     1833.00   -4.01970E-12
     1843.00   -2.21233E-12
     1853.00   -6.23502E-13
     1863.00    6.23114E-13
     1873.00    1.52921E-12
     1883.00    2.13306E-12
     1893.00    2.47276E-12
     1903.00    2.58652E-12
     1913.00    2.51261E-12
     1923.00    2.28915E-12
     1933.00    1.95435E-12
     1943.00    1.54641E-12
     1953.00    1.10354E-12
     1963.00    6.63904E-13
     1973.00    2.65708E-13
     1983.00   -5.53493E-14
     1993.00   -2.91285E-13
     2003.00   -4.51416E-13
     2013.00   -5.45291E-13
     2023.00   -5.82507E-13
     2033.00   -5.72598E-13
     2043.00   -5.25162E-13
     2053.00   -4.49752E-13
     2063.00   -3.55940E-13
     2073.00   -2.53295E-13
     2083.00   -1.51389E-13
     2093.00   -5.97856E-14
     2103.00    1.29257E-14
     2113.00    6.56247E-14
     2123.00    1.00638E-13
     2133.00    1.20310E-13
     2143.00    1.26983E-13
     2153.00    1.23006E-13
     2163.00    1.10719E-13
     2173.00    9.24663E-14
     2183.00    7.05910E-14
     2193.00    4.74386E-14
     2203.00    2.53525E-14
     2213.00    6.66198E-15
     2223.00   -7.34065E-15
     2233.00   -1.70517E-14
     2243.00   -2.30222E-14
     2253.00   -2.58051E-14
     2263.00   -2.59527E-14
     2273.00   -2.40160E-14
     2283.00   -2.05482E-14
     2293.00   -1.61004E-14
     2303.00   -1.12252E-14
     2313.00   -6.47460E-15
     2323.00   -2.39882E-15
     2333.00    6.74508E-16
     2343.00    2.82231E-15
     2353.00    4.16609E-15
     2363.00    4.82677E-15
     2373.00    4.92554E-15
     2383.00    4.58369E-15
     2393.00    3.92227E-15
     2403.00    3.06251E-15
     2413.00    2.12549E-15
     2423.00    1.23247E-15
     2433.00    4.97462E-16
     2443.00   -4.87047E-17
     2453.00   -4.28002E-16
     2463.00   -6.63482E-16
     2473.00   -7.78040E-16
     2483.00   -7.94697E-16
     2493.00   -7.36396E-16
     2503.00   -6.26194E-16
     2513.00   -4.86985E-16
     2523.00   -3.41815E-16
     2533.00   -2.13057E-16
     2543.00   -1.10572E-16
     2553.00   -3.20706E-17
     2563.00    2.52578E-17
     2573.00    6.42158E-17
     2583.00    8.75946E-17
     2593.00    9.82014E-17
     2603.00    9.88315E-17
     2613.00    9.22897E-17
     2623.00    8.13756E-17
     2633.00    6.86881E-17
     2643.00    5.53401E-17
     2653.00    4.17604E-17
     2663.00    2.83800E-17
     2673.00    1.56193E-17
     2683.00    3.90991E-18
     2693.00   -6.32172E-18
     2703.00   -1.46486E-17
     2713.00   -2.06416E-17
     2723.00   -2.38967E-17
     2733.00   -2.44581E-17
     2743.00   -2.28117E-17
     2753.00   -1.94618E-17
     2763.00   -1.49131E-17
     2773.00   -9.66743E-18
     2783.00   -4.23021E-18
     2793.00    8.94924E-19
     2803.00    5.20434E-18
     2813.00    8.22557E-18
     2823.00    9.87074E-18
     2833.00    1.03142E-17
     2843.00    9.73479E-18
     2853.00    8.31128E-18
     2863.00    6.22253E-18
     2873.00    3.64748E-18
     2883.00    7.64862E-19
