     3.00000  0.
     13.0000  0.
     23.0000  0.
     33.0000    5.53600E-04
     43.0000    1.19932E-03
     53.0000    1.87230E-03
     63.0000    2.57392E-03
     73.0000    3.12215E-03
     83.0000    3.31101E-03
     93.0000    3.01835E-03
    103.0000    2.41298E-03
     113.000    1.72677E-03
     123.000    1.19027E-03
     133.000    9.24960E-04
     143.000    8.62983E-04
     153.000    9.17576E-04
     163.000    1.00198E-03
     173.000    1.04020E-03
     183.000    1.02232E-03
     193.000    9.63504E-04
     203.000    8.78956E-04
     213.000    7.83881E-04
     223.000    6.92667E-04
     233.000    6.10209E-04
     243.000    5.35282E-04
     253.000    4.66563E-04
     263.000    4.02727E-04
     273.000    3.42448E-04
     283.000    2.84507E-04
     293.000    2.29016E-04
     303.000    1.77018E-04
     313.000    1.29571E-04
     323.000    8.77364E-05
     333.000    5.25733E-05
     343.000    2.51412E-05
     353.000    6.34719E-06
     363.000   -4.41949E-06
     373.000   -8.63694E-06
     383.000   -7.79370E-06
     393.000   -3.37818E-06
     403.000    3.12110E-06
     413.000    1.02158E-05
     423.000    1.64173E-05
     433.000    2.04247E-05
     443.000    2.21492E-05
     453.000    2.19843E-05
     463.000    2.03251E-05
     473.000    1.75664E-05
     483.000    1.41030E-05
     493.000    1.03301E-05
     503.000    6.64228E-06
     513.000    3.43464E-06
     523.000    1.01385E-06
     533.000   -6.48039E-07
     543.000   -1.65826E-06
     553.000   -2.12407E-06
     563.000   -2.15272E-06
     573.000   -1.85146E-06
     583.000   -1.32754E-06
     593.000   -6.88217E-07
     603.000   -4.07293E-08
     613.000    5.08042E-07
     623.000    8.92704E-07
     633.000    1.12605E-06
     643.000    1.22956E-06
     653.000    1.22469E-06
     663.000    1.13291E-06
     673.000    9.75691E-07
     683.000    7.74504E-07
     693.000    5.50811E-07
     703.000    3.26084E-07
     713.000    1.21789E-07
     723.000   -4.17358E-08
     733.000   -1.59123E-07
     743.000   -2.35611E-07
     753.000   -2.76662E-07
     763.000   -2.87736E-07
     773.000   -2.74296E-07
     783.000   -2.41804E-07
     793.000   -1.95720E-07
     803.000   -1.41508E-07
     813.000   -8.46275E-08
     823.000   -3.05417E-08
     833.000    1.53013E-08
     843.000    4.94852E-08
     853.000    7.28025E-08
     863.000    8.65682E-08
     873.000    9.20971E-08
     883.000    9.07041E-08
     893.000    8.37042E-08
     903.000    7.24121E-08
     913.000    5.81428E-08
     923.000    4.22112E-08
     933.000    2.59323E-08
     943.000    1.06207E-08
     953.000   -2.40987E-09
     963.000   -1.22859E-08
     973.000   -1.91932E-08
     983.000   -2.34735E-08
     993.000   -2.54689E-08
    1003.000   -2.55213E-08
     1013.00   -2.39725E-08
     1023.00   -2.11645E-08
     1033.00   -1.74393E-08
     1043.00   -1.31386E-08
     1053.00   -8.60459E-09
     1063.00   -4.17902E-09
     1073.00   -2.03862E-10
     1083.00    2.99602E-09
     1093.00    5.33354E-09
     1103.00    6.89645E-09
     1113.00    7.77652E-09
     1123.00    8.06553E-09
     1133.00    7.85523E-09
     1143.00    7.23741E-09
     1153.00    6.30383E-09
     1163.00    5.14627E-09
     1173.00    3.85650E-09
     1183.00    2.52630E-09
     1193.00    1.24742E-09
     1203.00    1.11645E-10
     1213.00   -7.96461E-10
     1223.00   -1.46244E-09
     1233.00   -1.91131E-09
     1243.00   -2.16854E-09
     1253.00   -2.25959E-09
     1263.00   -2.20993E-09
     1273.00   -2.04502E-09
     1283.00   -1.79032E-09
     1293.00   -1.47130E-09
     1303.00   -1.11342E-09
     1313.00   -7.42138E-10
     1323.00   -3.82929E-10
     1333.00   -6.12514E-11
     1343.00    1.98760E-10
     1353.00    3.90956E-10
     1363.00    5.22109E-10
     1373.00    5.99279E-10
     1383.00    6.29521E-10
     1393.00    6.19895E-10
     1403.00    5.77458E-10
     1413.00    5.09267E-10
     1423.00    4.22380E-10
     1433.00    3.23856E-10
     1443.00    2.20751E-10
     1453.00    1.20124E-10
     1463.00    2.90317E-11
     1473.00   -4.56422E-11
     1483.00   -1.01276E-10
     1493.00   -1.39647E-10
     1503.00   -1.62735E-10
     1513.00   -1.72520E-10
     1523.00   -1.70981E-10
     1533.00   -1.60100E-10
     1543.00   -1.41855E-10
     1553.00   -1.18226E-10
     1563.00   -9.11942E-11
     1573.00   -6.27386E-11
     1583.00   -3.48391E-11
     1593.00   -9.47590E-12
     1603.00    1.14046E-11
     1613.00    2.69573E-11
     1623.00    3.76647E-11
     1633.00    4.40885E-11
     1643.00    4.67903E-11
     1653.00    4.63318E-11
     1663.00    4.32747E-11
     1673.00    3.81805E-11
     1683.00    3.16111E-11
     1693.00    2.41280E-11
     1703.00    1.62928E-11
     1713.00    8.66735E-12
     1723.00    1.81316E-12
     1733.00   -3.72856E-12
     1743.00   -7.78680E-12
     1753.00   -1.05118E-11
     1763.00   -1.20646E-11
     1773.00   -1.26061E-11
     1783.00   -1.22973E-11
     1793.00   -1.12990E-11
     1803.00   -9.77236E-12
     1813.00   -7.87821E-12
     1823.00   -5.77753E-12
     1833.00   -3.63128E-12
     1843.00   -1.60042E-12
     1853.00    1.54111E-13
     1863.00    1.50096E-12
     1873.00    2.44660E-12
     1883.00    3.03757E-12
     1893.00    3.32043E-12
     1903.00    3.34171E-12
     1913.00    3.14797E-12
     1923.00    2.78576E-12
     1933.00    2.30162E-12
     1943.00    1.74209E-12
     1953.00    1.15374E-12
     1963.00    5.83105E-13
     1973.00    7.67336E-14
     1983.00   -3.21966E-13
     1993.00   -6.04473E-13
     2003.00   -7.84030E-13
     2013.00   -8.74210E-13
     2023.00   -8.88585E-13
     2033.00   -8.40730E-13
     2043.00   -7.44218E-13
     2053.00   -6.12621E-13
     2063.00   -4.59512E-13
     2073.00   -2.98466E-13
     2083.00   -1.43054E-13
     2093.00   -6.85171E-15
     2103.00    9.80136E-14
     2113.00    1.70428E-13
     2123.00    2.14352E-13
     2133.00    2.33774E-13
     2143.00    2.32681E-13
     2153.00    2.15060E-13
     2163.00    1.84901E-13
     2173.00    1.46190E-13
     2183.00    1.02916E-13
     2193.00    5.90654E-14
     2203.00    1.86268E-14
     2213.00   -1.44385E-14
     2223.00   -3.80180E-14
     2233.00   -5.30134E-14
     2243.00   -6.06044E-14
     2253.00   -6.19709E-14
     2263.00   -5.82927E-14
     2273.00   -5.07495E-14
     2283.00   -4.05212E-14
     2293.00   -2.87874E-14
     2303.00   -1.67280E-14
     2313.00   -5.52275E-15
     2323.00    3.65369E-15
     2333.00    1.01298E-14
     2343.00    1.41579E-14
     2353.00    1.60894E-14
     2363.00    1.62756E-14
     2373.00    1.50677E-14
     2383.00    1.28172E-14
     2393.00    9.87530E-15
     2403.00    6.59337E-15
     2413.00    3.32270E-15
     2423.00    4.14650E-16
     2433.00   -1.80230E-15
     2443.00   -3.26230E-15
     2453.00   -4.06787E-15
     2463.00   -4.32430E-15
     2473.00   -4.13686E-15
     2483.00   -3.61081E-15
     2493.00   -2.85145E-15
     2503.00   -1.96404E-15
     2513.00   -1.05385E-15
     2523.00   -2.26178E-16
     2533.00    4.16788E-16
     2543.00    8.39488E-16
     2553.00    1.07101E-15
     2563.00    1.14309E-15
     2573.00    1.08747E-15
     2583.00    9.35894E-16
     2593.00    7.20095E-16
     2603.00    4.71814E-16
     2613.00    2.22793E-16
     2623.00    4.76921E-18
     2633.00   -1.53982E-16
     2643.00   -2.51209E-16
     2653.00   -2.96488E-16
     2663.00   -2.99453E-16
     2673.00   -2.69739E-16
     2683.00   -2.16981E-16
     2693.00   -1.50812E-16
     2703.00   -8.08671E-17
     2713.00   -1.67818E-17
     2723.00    3.20910E-17
     2733.00    6.25241E-17
     2743.00    7.72467E-17
     2753.00    7.92331E-17
     2763.00    7.14578E-17
     2773.00    5.68951E-17
     2783.00    3.85198E-17
     2793.00    1.93060E-17
     2803.00    2.22857E-18
     2813.00   -9.92182E-18
     2823.00   -1.66310E-17
     2833.00   -1.89256E-17
     2843.00   -1.78613E-17
     2853.00   -1.44940E-17
     2863.00   -9.87923E-18
     2873.00   -5.07288E-18
     2883.00   -1.13058E-18
