   1   -5.50611E-05
   2   -2.00423E-05
   3   -4.70105E-05
   4    6.93709E-04
   5    2.75190E-03
   6    7.14998E-03
   7    1.16286E-02
   8    1.26157E-02
   9    9.46976E-03
   10    5.07154E-03
   11    2.07960E-03
   12    5.53999E-04
   13    9.88667E-05
   14    1.19669E-05
   15    7.80191E-07
   16    5.26197E-08
   17   -3.45601E-10
   18    4.05907E-10
   19   -1.04997E-10
   20    2.76577E-11
   21   -7.40217E-12
   22    2.00939E-12
   23   -5.51837E-13
   24    1.53018E-13
   25   -4.27692E-14
   26    1.20351E-14
   27   -3.40504E-15
   28    9.67438E-16
   29   -2.75699E-16
   30    7.88530E-17
   31   -2.25944E-17
   32    6.43057E-18
   33   -1.65514E-18
   34    2.63367E-19
   1   -5.50611E-05
   2   -2.00423E-05
   3   -4.70105E-05
   4    1.72405E-03
   5    3.31319E-03
   6    1.31824E-03
   7    1.01131E-03
   8    7.52516E-04
   9    3.21315E-04
   10    1.88148E-05
   11    1.72175E-05
   12    3.48488E-06
   13    3.80211E-07
   14    5.59426E-08
   15    5.90564E-09
   16   -3.75603E-10
   17    1.12532E-09
   18   -1.70958E-10
   19    4.42251E-11
   20   -1.16502E-11
   21    3.11854E-12
   22   -8.46384E-13
   23    2.32420E-13
   24   -6.44514E-14
   25    1.80174E-14
   26   -5.06998E-15
   27    1.43426E-15
   28   -4.07476E-16
   29    1.16161E-16
   30   -3.32042E-17
   31    9.51484E-18
   32   -2.70907E-18
   33    6.97025E-19
   34   -1.10941E-19
