   4    2.11835E-03
   5    1.27500E-02
   6    6.17306E-03
   7    2.11422E-03
   8    1.21461E-02
   9    3.05891E-03
   10    7.68020E-03
   11    1.65535E-02
   12    1.07879E-02
   13    1.53767E-02
   14    1.18706E-02
   15    3.30890E-03
   16    4.23020E-04
   17    2.64135E-05
   18    6.63462E-07
   19    2.67638E-08
   20   -4.51733E-09
   21    1.04865E-09
   22   -2.41578E-10
   23    5.08508E-11
   24   -6.73882E-12
   4    5.43455E-04
   5    2.03143E-03
   6    6.87268E-04
   7    1.54127E-04
   8    4.43222E-05
   9    3.42975E-05
   10    4.33123E-05
   11    2.30161E-05
   12    3.68281E-04
   13    4.44808E-04
   14    4.18107E-05
   15    4.19742E-06
   16    8.67212E-08
   17    4.19293E-08
   18   -5.98713E-09
   19    8.34324E-09
   20   -1.06971E-09
   21    2.48165E-10
   22   -5.72071E-11
   23    1.20296E-11
   24   -1.59527E-12
